States:
0
1
2
3
4
5
6
7
9
10
11
12
13
14
15
16
17
18
19
20
21
22
23
24
25
26
27
28
29
30
31!

Valuations:
0: p
1: p s
2: p s t
3: p s u
4: p t
5: p t u
6: p u
7: p s t u
####
8: q
9: q s
10: q s t
11: q s u
12: q t
13: q t u
14: q u
15: q s t u
####
16: r 
17: r s
18: r s t
19: r s u
20: r t
21: r t u
22: r u
23: r s t u
####
24: s
25: s t
26: s u
27: t 
28: t u
29: u
30: s t u
31:

Relations:
A:  (0 6), (1 3), (4 5), (2 7), (8 14), (9 11), (12 13), (10 15), (16 22), (17 19), (18 23), (20 21), (29 31), (24 26), (27 28), (25 30), (1 9), (2 10), (3 11), (4 12), (5 13), (6 14), (7 15), (1 17), (2 18), (3 19), (4 20), (5 21), (6 22), (7 23), (1 24), (2 25), (3 26), (4 27), (5 28), (6 29), (7 30), (9 17), (10 18), (11 19), (12 20), (13 21), (14 22), (15 23), (9 24), (10 25), (11 26), (12 27), (13 28), (14 29), (15 30), (17 24), (18 25), (19 26), (20 27), (21 28), (22 29), (23 30)
B:  (0 4), (1 2), (3 7), (5 6), (8 12), (9 10), (11 15), (13 14), (16 20), (17 18), (19 23), (21 22), (27 31), (24 25), (26 30), (28 29), (1 9), (2 10), (3 11), (4 12), (5 13), (6 14), (7 15), (1 17), (2 18), (3 19), (4 20), (5 21), (6 22), (7 23), (1 24), (2 25), (3 26), (4 27), (5 28), (6 29), (7 30), (9 17), (10 18), (11 19), (12 20), (13 21), (14 22), (15 23), (9 24), (10 25), (11 26), (12 27), (13 28), (14 29), (15 30), (17 24), (18 25), (19 26), (20 27), (21 28), (22 29), (23 30)
C:  (0 1), (2 4), (3 6), (5 7), (8 9), (10 12), (11 14), (13 15), (16 17), (18 20), (19 22), (21 23), (14 31), (25 27), (26 29), (28 30), (1 9), (2 10), (3 11), (4 12), (5 13), (6 14), (7 15), (1 17), (2 18), (3 19), (4 20), (5 21), (6 22), (7 23), (1 24), (2 25), (3 26), (4 27), (5 28), (6 29), (7 30), (9 17), (10 18), (11 19), (12 20), (13 21), (14 22), (15 23), (9 24), (10 25), (11 26), (12 27), (13 28), (14 29), (15 30), (17 24), (18 25), (19 26), (20 27), (21 28), (22 29), (23 30)